m: -2.9986556013699397e-10
mabs: 3.345448623962182e-07
stdev: 4.4004687701644263e-07
time elapsed in s [scipy, myTimeConv]: [1.00586414e-02 3.82456205e+02]